16
43
36
22
39
26
22
27
50
37
14
16
26
38
32
28
30
18
23
41
29
30
19
37
11
28
41
22
33
15
30
33
35
38
20
17
16
41
20
39
44
40
35
26
36
33
17
18
18
47
33
38
23
34
34
32
25
25
9
16
33
46
29
33
39
38
34
30
45
17
41
33
28
24
38
54
36
20
28
40
12
34
31
21
30
24
33
20
24
49
39
38
24
24
33
28
42
29
18
38
17
22
40
18
30
30
18
35
46
25
26
11
23
22
40
37
12
29
31
42
22
11
26
30
24
31
29
36
24
29
51
16
37
39
37
12
33
32
5
24
36
17
29
31
36
17
29
37
19
37
28
13
35
41
27
34
34
28
32
47
39
33
35
19
32
44
45
18
37
16
25
37
21
35
34
26
53
32
19
20
36
42
55
34
23
14
20
52
36
22
33
36
35
37
47
22
55
23
18
17
43
31
22
38
25
33
33
22
43
47
42
43
27
38
28
34
44
26
33
25
41
36
18
20
37
12
32
27
41
22
22
28
42
23
26
51
23
36
27
26
31
42
58
33
44
37
19
42
32
51
47
39
40
34
23
35
30
40
27
30
21
35
14
17
34
33
25
41
29
44
20
40
23
34
22
43
38
16
31
30
33
13
15
42
22
42
31
14
35
36
24
27
30
7
20
6
36
14
30
27
51
33
37
42
46
25
29
34
27
18
3
45
30
10
12
24
8
38
28
44
18
33
21
19
11
48
20
23
28
32
31
29
30
30
29
34
37
18
21
24
49
33
29
21
16
29
26
24
24
31
38
48
26
20
40
36
37
34
21
43
15
24
35
18
44
27
23
11
41
31
32
33
38
17
28
50
33
37
28
36
24
34
36
43
23
22
30
16
18
23
22
42
48
29
35
23
42
26
38
32